>> EAB_HW04_P01(A1,B1)

solnAB =

  -67.1576
 -284.9310
  202.6158
  168.6108
  672.6847
  130.6010


matlabSolnAB =

  -67.1576
 -284.9310
  202.6158
  168.6108
  672.6847
  130.6010


invA =

   -0.3626    0.6729   -0.8286    2.3320   -2.4251    0.5734
   -1.2414    2.7931   -3.0000    7.5172   -8.9828    1.7241
    0.9163   -1.8473    2.1429   -5.4532    6.3325   -1.1773
    0.8049   -1.6325    1.8857   -4.7616    5.4099   -1.0719
    3.0749   -6.4542    6.9429  -17.5360   21.0498   -4.0532
    0.5823   -1.2030    1.3714   -3.3783    4.0645   -0.8611


matlabInvA =

   -0.3626    0.6729   -0.8286    2.3320   -2.4251    0.5734
   -1.2414    2.7931   -3.0000    7.5172   -8.9828    1.7241
    0.9163   -1.8473    2.1429   -5.4532    6.3325   -1.1773
    0.8049   -1.6325    1.8857   -4.7616    5.4099   -1.0719
    3.0749   -6.4542    6.9429  -17.5360   21.0498   -4.0532
    0.5823   -1.2030    1.3714   -3.3783    4.0645   -0.8611

	


>> EAB_HW04_P02
Force (assume 1), F = 1
k (assume 1), k = 1
Lower bound of theta = 1e-7
Upper bound of theta = 1e-6
Step increment of theta = 1e-7
Attempted to access sol(2e-08,1); index must be a positive integer or logical.

Error in EAB_HW04_P02 (line 15)
        sol(i/5,1) = i;